 # Time        Energy
                    1  -5.3207072950000027     
                    2  -5.6335787250000138     
                    3  -5.6493987549999725     
                    4  -5.7147557099999915     
                    5  -5.7597023499999729     
                    6  -5.7911374849999593     
                    7  -5.8211177449999765     
                    8  -5.8398490549999664     
                    9  -5.8659900399999598     
                   10  -5.8709230399999619     
                   11  -5.8641085649999525     
                   12  -5.8654549899999804     
                   13  -5.8660764449999672     
                   14  -5.8709230399999619     
                   15  -5.8659167599999771     
                   16  -5.8656133699999620     
                   17  -5.8688618349999775     
                   18  -5.8778333599999719     
                   19  -5.8669767400000294     
                   20  -5.8807081299999986     
                   21  -5.8687936799999942     
                   22  -5.8835605050000197     
                   23  -5.8974696099999981     
                   24  -5.9079601900000007     
                   25  -5.8885525650000092     
                   26  -5.9480783649999829     
                   27  -6.0024554050000276     
                   28  -6.0082801450000156     
                   29  -5.9897224150000135     
                   30  -5.9884472250000202     
                   31  -6.0132876500000387     
                   32  -6.0168684350000641     
                   33  -6.0018151750000630     
                   34  -5.9871839350000258     
                   35  -6.0038268400000012     
                   36  -6.0133516250000039     
                   37  -6.0108283499999979     
                   38  -5.9958623350000062     
                   39  -6.0006121550000238     
                   40  -6.0162156000000211     
                   41  -5.9909762100000092     
                   42  -5.9871904600000398     
                   43  -5.9780429600000549     
                   44  -5.9893490200000326     
                   45  -5.9818452950000367     
                   46  -5.9833565400000097     
                   47  -5.9244259599999900     
                   48  -5.9252467599999976     
                   49  -5.9343887299999940     
                   50  -5.9094193850000121     
                   51  -5.9160495500000057     
                   52  -5.9663349950000306     
                   53  -5.9599680100000265     
                   54  -5.9604950100000238     
                   55  -5.9606932450000372     
                   56  -5.9796366400000398     
                   57  -6.0215131450000294     
                   58  -6.0215131450000294     
                   59  -6.0218323200000290     
                   60  -6.0204550350000288     
                   61  -6.0121336650000377     
                   62  -6.0178767300000375     
                   63  -6.0155452500000388     
                   64  -6.0288299400000396     
                   65  -6.0242442150000386     
                   66  -6.0283656450000338     
                   67  -6.0283656450000338     
                   68  -6.0203719850000388     
                   69  -6.0288299400000396     
                   70  -6.0283656450000338     
                   71  -6.0288299400000396     
                   72  -6.0288299400000396     
                   73  -6.0178767300000375     
                   74  -6.0171874700000361     
                   75  -6.0174720850000343     
                   76  -6.0211654850000427     
                   77  -6.0114444050000326     
                   78  -6.0183006300000406     
                   79  -6.0048577100000351     
                   80  -6.0178767300000375     
                   81  -6.0189898900000465     
                   82  -6.0189898900000465     
                   83  -6.0155452500000388     
                   84  -6.0178767300000375     
                   85  -6.0178767300000375     
                   86  -6.0189898900000465     
                   87  -6.0178767300000375     
                   88  -6.0132468250000413     
                   89  -6.0121336650000377     
                   90  -6.0178767300000375     
                   91  -6.0155452500000388     
                   92  -6.0178767300000375     
                   93  -6.0178767300000375     
                   94  -6.0121336650000377     
                   95  -6.0178767300000375     
                   96  -6.0189898900000465     
                   97  -6.0189898900000465     
                   98  -6.0189898900000465     
                   99  -6.0178767300000375     
                  100  -6.0178767300000375     
                  101  -6.0189898900000465     
                  102  -6.0189898900000465     
                  103  -6.0178767300000375     
                  104  -6.0023700550000330     
                  105  -6.0178767300000375     
                  106  -6.0178767300000375     
                  107  -6.0116915750000386     
                  108  -6.0155452500000388     
                  109  -6.0155452500000388     
                  110  -6.0038259450000329     
                  111  -6.0155452500000388     
                  112  -6.0155452500000388     
                  113  -6.0155452500000388     
                  114  -6.0155452500000388     
                  115  -6.0155452500000388     
                  116  -6.0155452500000388     
                  117  -6.0155452500000388     
                  118  -6.0116915750000386     
                  119  -6.0116915750000386     
                  120  -6.0155452500000388     
                  121  -6.0155452500000388     
                  122  -6.0116915750000386     
                  123  -6.0155452500000388     
                  124  -6.0116915750000386     
                  125  -6.0155452500000388     
                  126  -6.0116915750000386     
                  127  -6.0116915750000386     
                  128  -6.0155452500000388     
                  129  -6.0008077900000281     
                  130  -6.0155452500000388     
                  131  -6.0155452500000388     
                  132  -6.0155452500000388     
                  133  -6.0155452500000388     
                  134  -6.0025262300000364     
                  135  -6.0116915750000386     
                  136  -6.0155452500000388     
                  137  -6.0116915750000386     
                  138  -6.0155452500000388     
                  139  -6.0116915750000386     
                  140  -6.0116915750000386     
                  141  -5.9906703000000201     
                  142  -6.0116915750000386     
                  143  -6.0116915750000386     
                  144  -6.0116915750000386     
                  145  -6.0116915750000386     
                  146  -6.0116915750000386     
                  147  -6.0116915750000386     
                  148  -6.0116915750000386     
                  149  -6.0116915750000386     
                  150  -6.0116915750000386     
                  151  -6.0116915750000386     
                  152  -6.0116915750000386     
                  153  -6.0116915750000386     
                  154  -6.0116915750000386     
                  155  -6.0116915750000386     
                  156  -6.0116915750000386     
                  157  -6.0116915750000386     
                  158  -6.0116915750000386     
                  159  -6.0116915750000386     
                  160  -6.0116915750000386     
                  161  -6.0116915750000386     
                  162  -6.0116915750000386     
                  163  -6.0116915750000386     
                  164  -6.0116915750000386     
                  165  -6.0116915750000386     
                  166  -5.9889263500000309     
                  167  -6.0116915750000386     
                  168  -6.0116915750000386     
                  169  -6.0116915750000386     
                  170  -6.0116915750000386     
                  171  -6.0116915750000386     
                  172  -6.0116915750000386     
                  173  -6.0116915750000386     
                  174  -6.0116915750000386     
                  175  -6.0116915750000386     
                  176  -6.0116915750000386     
                  177  -6.0019279650000366     
                  178  -6.0116915750000386     
                  179  -6.0116915750000386     
                  180  -6.0116915750000386     
                  181  -6.0116915750000386     
                  182  -6.0116915750000386     
                  183  -6.0116915750000386     
                  184  -6.0116915750000386     
                  185  -6.0116915750000386     
                  186  -6.0116915750000386     
                  187  -6.0116915750000386     
                  188  -6.0116915750000386     
                  189  -6.0116915750000386     
                  190  -6.0116915750000386     
                  191  -5.9906703000000201     
                  192  -6.0116915750000386     
                  193  -6.0116915750000386     
                  194  -6.0116915750000386     
                  195  -6.0116915750000386     
                  196  -6.0116915750000386     
                  197  -6.0116915750000386     
                  198  -6.0116915750000386     
                  199  -6.0116915750000386     
                  200  -6.0116915750000386     
                  201  -5.9889189500000226     
                  202  -6.0116915750000386     
                  203  -6.0116915750000386     
                  204  -6.0116915750000386     
                  205  -6.0116915750000386     
                  206  -6.0116915750000386     
                  207  -6.0116915750000386     
                  208  -6.0116915750000386     
                  209  -6.0116915750000386     
                  210  -6.0116915750000386     
                  211  -6.0116915750000386     
                  212  -6.0116915750000386     
                  213  -5.9999722700000326     
                  214  -6.0116915750000386     
                  215  -5.9922108050000249     
                  216  -5.9999722700000326     
                  217  -6.0116915750000386     
                  218  -6.0116915750000386     
                  219  -6.0008077900000281     
                  220  -6.0116915750000386     
                  221  -6.0116915750000386     
                  222  -6.0116915750000386     
                  223  -6.0019279650000366     
                  224  -6.0116915750000386     
                  225  -6.0116915750000386     
                  226  -6.0116915750000386     
                  227  -6.0116915750000386     
                  228  -6.0116915750000386     
                  229  -5.9999722700000326     
                  230  -6.0116915750000386     
                  231  -6.0116915750000386     
                  232  -6.0116915750000386     
                  233  -6.0116915750000386     
                  234  -6.0116915750000386     
                  235  -6.0116915750000386     
                  236  -6.0116915750000386     
                  237  -6.0116915750000386     
                  238  -6.0116915750000386     
                  239  -6.0116915750000386     
                  240  -6.0049374050000299     
                  241  -5.9986772050000239     
                  242  -6.0116915750000386     
                  243  -6.0116915750000386     
                  244  -6.0116915750000386     
                  245  -6.0116915750000386     
                  246  -6.0116915750000386     
                  247  -6.0116915750000386     
                  248  -6.0116915750000386     
                  249  -6.0116915750000386     
                  250  -6.0116915750000386     
