 # Time        Energy
                    1  -5.3154440999999535     
                    2  -5.3344986449999814     
                    3  -5.3791185349999928     
                    4  -5.3799032699999829     
                    5  -5.3917051199999788     
                    6  -5.4061910899999592     
                    7  -5.4100930999999823     
                    8  -5.4069236699999701     
                    9  -5.4030700049999698     
                   10  -5.4064355849999632     
                   11  -5.4050162399999477     
                   12  -5.4112255149999706     
                   13  -5.4294428999999873     
                   14  -5.4325996249999822     
                   15  -5.4698685949999968     
                   16  -5.4925739549999886     
                   17  -5.5425780749999305     
                   18  -5.5422173149999487     
                   19  -5.6038923849999787     
                   20  -5.6372479550000092     
                   21  -5.6426543550000110     
                   22  -5.6351529149999813     
                   23  -5.6446412149999947     
                   24  -5.6340684449999960     
                   25  -5.6362045449999956     
                   26  -5.6466658300000203     
                   27  -5.6258508899999775     
                   28  -5.6340504099999915     
                   29  -5.6403287800000035     
                   30  -5.6352177649999966     
                   31  -5.6376807349999964     
                   32  -5.5825030149999506     
                   33  -5.6164105199999286     
                   34  -5.6206499299999360     
                   35  -5.6169359549999323     
                   36  -5.6345079699999596     
                   37  -5.6534928999999554     
                   38  -5.6717935949999614     
                   39  -5.6726127849999957     
                   40  -5.6856918350000116     
                   41  -5.6796176200000072     
                   42  -5.7982075900000458     
                   43  -5.8044808100000225     
                   44  -5.7979344600000369     
                   45  -5.8079954600000372     
                   46  -5.8160375250000289     
                   47  -5.8039253150000345     
                   48  -5.8160375250000289     
                   49  -5.8160375250000289     
                   50  -5.8142627950000243     
                   51  -5.7497052250000449     
                   52  -5.7420106300000331     
                   53  -5.7545145550000347     
                   54  -5.7023592950000337     
                   55  -5.9368625450000216     
                   56  -5.9610313600000326     
                   57  -6.0189880950000347     
                   58  -6.0218323200000290     
                   59  -6.0218323200000290     
                   60  -5.9993194900000262     
                   61  -6.0178767300000375     
                   62  -6.0073494700000287     
                   63  -6.0155452500000388     
                   64  -6.0288299400000396     
                   65  -6.0242442150000386     
                   66  -6.0288299400000396     
                   67  -6.0288299400000396     
                   68  -6.0203719850000388     
                   69  -6.0283656450000338     
                   70  -6.0203719850000388     
                   71  -6.0288299400000396     
                   72  -6.0288299400000396     
                   73  -6.0199515100000429     
                   74  -6.0178767300000375     
                   75  -6.0155452500000388     
                   76  -6.0211654850000427     
                   77  -6.0155452500000388     
                   78  -6.0189898900000465     
                   79  -6.0048577100000351     
                   80  -6.0189898900000465     
                   81  -6.0189898900000465     
                   82  -6.0189898900000465     
                   83  -6.0155452500000388     
                   84  -6.0178767300000375     
                   85  -6.0189898900000465     
                   86  -6.0189898900000465     
                   87  -6.0178767300000375     
                   88  -6.0189898900000465     
                   89  -6.0155452500000388     
                   90  -6.0189898900000465     
                   91  -6.0155452500000388     
                   92  -6.0189898900000465     
                   93  -6.0189898900000465     
                   94  -6.0189898900000465     
                   95  -6.0178767300000375     
                   96  -6.0189898900000465     
                   97  -6.0189898900000465     
                   98  -6.0189898900000465     
                   99  -6.0178767300000375     
                  100  -6.0155452500000388     
                  101  -6.0189898900000465     
                  102  -6.0189898900000465     
                  103  -6.0178767300000375     
                  104  -6.0178767300000375     
                  105  -6.0155452500000388     
                  106  -6.0178767300000375     
                  107  -6.0178767300000375     
                  108  -6.0155452500000388     
                  109  -6.0155452500000388     
                  110  -6.0155452500000388     
                  111  -6.0155452500000388     
                  112  -6.0155452500000388     
                  113  -6.0155452500000388     
                  114  -6.0155452500000388     
                  115  -6.0155452500000388     
                  116  -6.0155452500000388     
                  117  -6.0155452500000388     
                  118  -6.0116915750000386     
                  119  -6.0155452500000388     
                  120  -6.0155452500000388     
                  121  -6.0155452500000388     
                  122  -6.0116915750000386     
                  123  -6.0155452500000388     
                  124  -6.0155452500000388     
                  125  -6.0155452500000388     
                  126  -6.0155452500000388     
                  127  -6.0155452500000388     
                  128  -6.0155452500000388     
                  129  -6.0116915750000386     
                  130  -6.0155452500000388     
                  131  -6.0155452500000388     
                  132  -6.0155452500000388     
                  133  -6.0155452500000388     
                  134  -6.0155452500000388     
                  135  -6.0155452500000388     
                  136  -6.0155452500000388     
                  137  -6.0155452500000388     
                  138  -6.0155452500000388     
                  139  -6.0116915750000386     
                  140  -6.0116915750000386     
                  141  -6.0116915750000386     
                  142  -6.0116915750000386     
                  143  -6.0116915750000386     
                  144  -6.0116915750000386     
                  145  -6.0116915750000386     
                  146  -6.0116915750000386     
                  147  -6.0116915750000386     
                  148  -6.0116915750000386     
                  149  -6.0116915750000386     
                  150  -6.0116915750000386     
                  151  -6.0116915750000386     
                  152  -6.0116915750000386     
                  153  -6.0116915750000386     
                  154  -6.0116915750000386     
                  155  -6.0116915750000386     
                  156  -6.0116915750000386     
                  157  -6.0116915750000386     
                  158  -6.0116915750000386     
                  159  -6.0116915750000386     
                  160  -6.0116915750000386     
                  161  -6.0116915750000386     
                  162  -6.0116915750000386     
                  163  -6.0116915750000386     
                  164  -6.0116915750000386     
                  165  -6.0116915750000386     
                  166  -6.0116915750000386     
                  167  -6.0116915750000386     
                  168  -6.0116915750000386     
                  169  -6.0065565250000290     
                  170  -6.0116915750000386     
                  171  -6.0116915750000386     
                  172  -6.0116915750000386     
                  173  -6.0116915750000386     
                  174  -6.0116915750000386     
                  175  -6.0116915750000386     
                  176  -6.0116915750000386     
                  177  -6.0116915750000386     
                  178  -6.0073005600000355     
                  179  -6.0116915750000386     
                  180  -6.0116915750000386     
                  181  -6.0116915750000386     
                  182  -6.0116915750000386     
                  183  -6.0116915750000386     
                  184  -6.0116915750000386     
                  185  -6.0116915750000386     
                  186  -6.0116915750000386     
                  187  -6.0116915750000386     
                  188  -6.0116915750000386     
                  189  -6.0116915750000386     
                  190  -6.0116915750000386     
                  191  -6.0116915750000386     
                  192  -6.0116915750000386     
                  193  -6.0116915750000386     
                  194  -6.0116915750000386     
                  195  -6.0116915750000386     
                  196  -6.0116915750000386     
                  197  -6.0116915750000386     
                  198  -6.0116915750000386     
                  199  -6.0116915750000386     
                  200  -6.0116915750000386     
                  201  -6.0116915750000386     
                  202  -6.0116915750000386     
                  203  -6.0116915750000386     
                  204  -6.0116915750000386     
                  205  -6.0116915750000386     
                  206  -6.0116915750000386     
                  207  -6.0073005600000355     
                  208  -6.0116915750000386     
                  209  -6.0116915750000386     
                  210  -6.0116915750000386     
                  211  -6.0116915750000386     
                  212  -6.0116915750000386     
                  213  -6.0116915750000386     
                  214  -6.0116915750000386     
                  215  -6.0116915750000386     
                  216  -6.0116915750000386     
                  217  -6.0116915750000386     
                  218  -6.0073005600000355     
                  219  -6.0116915750000386     
                  220  -6.0116915750000386     
                  221  -6.0116915750000386     
                  222  -6.0116915750000386     
                  223  -6.0116915750000386     
                  224  -6.0116915750000386     
                  225  -6.0116915750000386     
                  226  -6.0116915750000386     
                  227  -6.0116915750000386     
                  228  -6.0116915750000386     
                  229  -6.0116915750000386     
                  230  -6.0116915750000386     
                  231  -6.0116915750000386     
                  232  -6.0116915750000386     
                  233  -6.0116915750000386     
                  234  -6.0116915750000386     
                  235  -6.0073005600000355     
                  236  -6.0116915750000386     
                  237  -6.0116915750000386     
                  238  -6.0116915750000386     
                  239  -6.0116915750000386     
                  240  -6.0065565250000290     
                  241  -6.0065565250000290     
                  242  -6.0116915750000386     
                  243  -6.0116915750000386     
                  244  -6.0116915750000386     
                  245  -6.0116915750000386     
                  246  -6.0116915750000386     
                  247  -6.0116915750000386     
                  248  -6.0116915750000386     
                  249  -6.0116915750000386     
                  250  -6.0116915750000386     
