14660
1700
9700
9740
12750
1770
1780
10780
7800
9800
3810
6810
9810
10810
11810
3820
6820
9820
9840
5850
3860
12860
10870
11870
12870
6880
11880
13880
3890
6890
9890
11890
1900
3900
4900
9900
11900
1910
2910
3910
4910
6910
9910
10910
11910
1920
2920
4920
6920
8920
10920
11920
1930
2930
10930
11930
12930
13930
14930
1940
3940
10940
11940
12940
14940
2950
3950
9950
10950
11950
12950
13950
2960
3960
4960
5960
8960
10960
11960
12960
13960
15960
1970
3970
4970
10970
11970
12970
13970
14970
1980
2980
3980
10980
11980
12980
13980
2990
3990
4990
5990
6990
10990
11990
12990
13990
11000
21000
41000
51000
81000
101000
111000
121000
131000
141000
151000
11010
21010
101010
111010
121010
131010
151010
21020
31020
61020
71020
81020
101020
111020
121020
131020
151020
21030
31030
51030
71030
101030
111030
121030
131030
151030
31040
41040
51040
61040
101040
111040
121040
131040
31050
51050
81050
91050
101050
111050
121050
131050
21060
31060
61060
71060
81060
91060
101060
111060
121060
131060
151060
21070
31070
41070
61070
81070
91070
101070
111070
121070
131070
141070
11080
21080
31080
41080
51080
81080
91080
101080
111080
121080
131080
21090
31090
51090
61090
81090
91090
101090
111090
121090
131090
151090
21100
31100
41100
61100
71100
81100
91100
101100
111100
131100
151100
21110
31110
41110
81110
91110
101110
111110
131110
141110
151110
21120
31120
51120
61120
81120
91120
101120
111120
121120
131120
151120
21130
31130
51130
81130
91130
101130
111130
121130
131130
141130
21140
31140
41140
51140
81140
91140
101140
111140
121140
131140
151140
11150
21150
31150
51150
61150
81150
91150
101150
111150
121150
131150
141150
21160
31160
51160
61160
71160
81160
91160
101160
111160
121160
131160
151160
21170
31170
41170
51170
61170
81170
91170
101170
111170
121170
131170
151170
11180
21180
31180
41180
51180
61180
81180
91180
101180
111180
121180
131180
141180
151180
11190
21190
31190
51190
61190
71190
81190
91190
101190
111190
121190
131190
151190
11200
21200
31200
51200
61200
71200
81200
91200
101200
111200
121200
131200
141200
151200
21210
31210
41210
51210
61210
71210
81210
91210
101210
111210
121210
131210
151210
21220
31220
41220
51220
61220
71220
81220
91220
101220
111220
121220
131220
151220
21230
31230
51230
61230
71230
81230
91230
101230
111230
121230
131230
151230
21240
31240
51240
61240
71240
81240
91240
101240
111240
121240
131240
151240
21250
31250
41250
51250
61250
71250
81250
91250
101250
111250
121250
131250
151250
21260
31260
51260
61260
71260
81260
91260
101260
111260
121260
131260
141260
151260
11270
21270
31270
51270
61270
71270
81270
91270
101270
111270
121270
131270
141270
151270
11280
21280
31280
41280
51280
61280
71280
81280
91280
101280
111280
121280
131280
141280
151280
11290
21290
31290
41290
51290
61290
71290
81290
91290
101290
111290
121290
131290
141290
151290
11300
21300
31300
41300
51300
61300
71300
81300
91300
101300
111300
121300
131300
141300
151300
21310
31310
41310
51310
61310
71310
81310
91310
101310
111310
121310
131310
141310
151310
21320
31320
41320
51320
61320
71320
81320
91320
101320
111320
121320
131320
141320
151320
11330
21330
31330
41330
51330
61330
71330
81330
91330
101330
111330
121330
131330
141330
151330
11340
21340
31340
41340
51340
61340
71340
81340
91340
101340
111340
121340
131340
141340
151340
11350
21350
31350
41350
51350
61350
71350
81350
91350
101350
111350
121350
131350
141350
151350
11360
21360
31360
41360
51360
61360
71360
81360
91360
101360
111360
121360
131360
141360
151360
21370
31370
41370
51370
61370
71370
81370
91370
101370
111370
121370
131370
141370
151370
11380
21380
31380
41380
51380
61380
71380
81380
91380
101380
111380
121380
131380
141380
151380
21390
31390
41390
51390
61390
71390
81390
91390
101390
111390
121390
131390
141390
151390
11400
21400
31400
41400
51400
61400
71400
81400
91400
101400
111400
121400
131400
141400
151400
11410
21410
31410
41410
51410
61410
71410
81410
91410
101410
111410
121410
131410
141410
151410
11420
21420
31420
41420
51420
61420
71420
81420
91420
101420
111420
121420
131420
141420
151420
21430
31430
41430
51430
61430
71430
81430
91430
101430
111430
121430
131430
141430
151430
21440
31440
41440
51440
61440
71440
81440
91440
101440
111440
121440
131440
141440
151440
11450
21450
31450
41450
51450
61450
71450
81450
91450
101450
111450
121450
131450
141450
151450
11460
21460
31460
41460
51460
61460
71460
81460
91460
101460
111460
121460
131460
141460
151460
11470
21470
31470
41470
51470
61470
71470
81470
91470
101470
111470
121470
131470
141470
151470
11480
21480
31480
41480
51480
61480
71480
81480
91480
101480
111480
121480
131480
141480
151480
11490
21490
31490
41490
51490
61490
71490
81490
91490
101490
111490
121490
131490
141490
151490
11500
21500
31500
41500
51500
61500
71500
81500
91500
101500
111500
121500
131500
141500
151500
11510
21510
31510
41510
51510
61510
71510
81510
91510
101510
111510
121510
131510
141510
151510
11520
21520
31520
41520
51520
61520
71520
81520
91520
101520
111520
121520
131520
141520
151520
11530
21530
31530
41530
51530
61530
71530
81530
91530
101530
111530
121530
131530
141530
151530
11540
21540
31540
41540
51540
61540
71540
81540
91540
101540
111540
121540
131540
141540
151540
11550
21550
31550
41550
51550
61550
71550
81550
91550
101550
111550
121550
131550
141550
151550
11560
21560
31560
41560
51560
61560
71560
81560
91560
101560
111560
121560
131560
141560
151560
11570
21570
31570
41570
51570
61570
71570
81570
91570
101570
111570
121570
131570
141570
151570
11580
21580
31580
41580
51580
61580
71580
81580
91580
101580
111580
121580
131580
141580
151580
11590
21590
31590
41590
51590
61590
71590
81590
91590
101590
111590
121590
131590
141590
151590
11600
21600
31600
41600
51600
61600
71600
81600
91600
101600
111600
121600
131600
141600
151600
21610
31610
41610
51610
61610
71610
81610
91610
101610
111610
121610
131610
141610
151610
21620
31620
41620
51620
61620
71620
81620
91620
101620
111620
121620
131620
141620
151620
11630
21630
31630
41630
51630
61630
71630
81630
91630
101630
111630
121630
131630
141630
151630
11640
21640
31640
41640
51640
61640
71640
81640
91640
101640
111640
121640
131640
141640
151640
11650
21650
31650
41650
51650
61650
71650
81650
91650
101650
111650
121650
131650
141650
151650
11660
21660
31660
41660
51660
61660
71660
81660
91660
101660
111660
121660
131660
141660
151660
11670
21670
31670
41670
51670
61670
71670
81670
91670
101670
111670
121670
131670
141670
151670
11680
21680
31680
41680
51680
61680
71680
81680
91680
101680
111680
121680
131680
141680
151680
11690
21690
31690
41690
51690
61690
71690
81690
91690
101690
111690
121690
131690
141690
151690
11700
21700
31700
41700
51700
61700
71700
81700
91700
101700
111700
121700
131700
141700
151700
11710
21710
31710
41710
51710
61710
71710
81710
91710
101710
111710
121710
131710
141710
151710
11720
21720
31720
41720
51720
61720
71720
81720
91720
101720
111720
121720
131720
141720
151720
11730
21730
31730
41730
51730
61730
71730
81730
91730
101730
111730
121730
131730
141730
151730
11740
21740
31740
41740
51740
61740
71740
81740
91740
101740
111740
121740
131740
141740
151740
11750
21750
31750
41750
51750
61750
71750
81750
91750
101750
111750
121750
131750
141750
151750
11760
21760
31760
41760
51760
61760
71760
81760
91760
101760
111760
121760
131760
141760
151760
11770
21770
31770
41770
51770
61770
71770
81770
91770
101770
111770
121770
131770
141770
151770
11780
21780
31780
41780
51780
61780
71780
81780
91780
101780
111780
121780
131780
141780
151780
11790
21790
31790
41790
51790
61790
71790
81790
91790
101790
111790
121790
131790
141790
151790
11800
21800
31800
41800
51800
61800
71800
81800
91800
101800
111800
121800
131800
141800
151800
11810
21810
31810
41810
51810
61810
71810
81810
91810
101810
111810
121810
131810
141810
151810
11820
21820
31820
41820
51820
61820
71820
81820
91820
101820
111820
121820
131820
141820
151820
11830
21830
31830
41830
51830
61830
71830
81830
91830
101830
111830
121830
131830
141830
151830
11840
21840
31840
41840
51840
61840
71840
81840
91840
101840
111840
121840
131840
141840
151840
11850
21850
31850
41850
51850
61850
71850
81850
91850
101850
111850
121850
131850
141850
151850
11860
21860
31860
41860
51860
61860
71860
81860
91860
101860
111860
121860
131860
141860
151860
11870
21870
31870
41870
51870
61870
71870
81870
91870
101870
111870
121870
131870
141870
151870
11880
21880
31880
41880
51880
61880
71880
81880
91880
101880
111880
121880
131880
141880
151880
11890
21890
31890
41890
51890
61890
71890
81890
91890
101890
111890
121890
131890
141890
151890
11900
21900
31900
41900
51900
61900
71900
81900
91900
101900
111900
121900
131900
141900
151900
11910
21910
31910
41910
51910
61910
71910
81910
91910
101910
111910
121910
131910
141910
151910
11920
21920
31920
41920
51920
61920
71920
81920
91920
101920
111920
121920
131920
141920
151920
11930
21930
31930
41930
51930
61930
71930
81930
91930
101930
111930
121930
131930
141930
151930
11940
21940
31940
41940
51940
61940
71940
81940
91940
101940
111940
121940
131940
141940
151940
11950
21950
31950
41950
51950
61950
71950
81950
91950
101950
111950
121950
131950
141950
151950
11960
21960
31960
41960
51960
61960
71960
81960
91960
101960
111960
121960
131960
141960
151960
11970
21970
31970
41970
51970
61970
71970
81970
91970
101970
111970
121970
131970
141970
151970
11980
21980
31980
41980
51980
61980
71980
81980
91980
101980
111980
121980
131980
141980
151980
11990
21990
31990
41990
51990
61990
71990
81990
91990
101990
111990
121990
131990
141990
151990
12000
22000
32000
42000
52000
62000
72000
82000
92000
102000
112000
122000
132000
142000
152000
12010
22010
32010
42010
52010
62010
72010
82010
92010
102010
112010
122010
132010
142010
152010
12020
22020
32020
42020
52020
62020
72020
82020
92020
102020
112020
122020
132020
142020
152020
12030
22030
32030
42030
52030
62030
72030
82030
92030
102030
112030
122030
132030
142030
152030
12040
22040
32040
42040
52040
62040
72040
82040
92040
102040
112040
122040
132040
142040
152040
12050
22050
32050
42050
52050
62050
72050
82050
92050
102050
112050
122050
132050
142050
152050
12060
22060
32060
42060
52060
62060
72060
82060
92060
102060
112060
122060
132060
142060
152060
12070
22070
32070
42070
52070
62070
72070
82070
92070
102070
112070
122070
132070
142070
152070
12080
22080
32080
42080
52080
62080
72080
82080
92080
102080
112080
122080
132080
142080
152080
12090
22090
32090
42090
52090
62090
72090
82090
92090
102090
112090
122090
132090
142090
152090
12100
22100
32100
42100
52100
62100
72100
82100
92100
102100
112100
122100
132100
142100
152100
12110
22110
32110
42110
52110
62110
72110
82110
92110
102110
112110
122110
132110
142110
152110
12120
22120
32120
42120
52120
62120
72120
82120
92120
102120
112120
122120
132120
142120
152120
12130
22130
32130
42130
52130
62130
72130
82130
92130
102130
112130
122130
132130
142130
152130
12140
22140
32140
42140
52140
62140
72140
82140
92140
102140
112140
122140
132140
142140
152140
12150
22150
32150
42150
52150
62150
72150
82150
92150
102150
112150
122150
132150
142150
152150
12160
22160
32160
42160
52160
62160
72160
82160
92160
102160
112160
122160
132160
142160
152160
12170
22170
32170
42170
52170
62170
72170
82170
92170
102170
112170
122170
132170
142170
152170
12180
22180
32180
42180
52180
62180
72180
82180
92180
102180
112180
122180
132180
142180
152180
12190
22190
32190
42190
52190
62190
72190
82190
92190
102190
112190
122190
132190
142190
152190
12200
22200
32200
42200
52200
62200
72200
82200
92200
102200
112200
122200
132200
142200
152200
12210
22210
32210
42210
52210
62210
72210
82210
92210
102210
112210
122210
132210
142210
152210
12220
22220
32220
42220
52220
62220
72220
82220
92220
102220
112220
122220
132220
142220
152220
12230
22230
32230
42230
52230
62230
72230
82230
92230
102230
112230
122230
132230
142230
152230
12240
22240
32240
42240
52240
62240
72240
82240
92240
102240
112240
122240
132240
142240
152240
12250
22250
32250
42250
52250
62250
72250
82250
92250
102250
112250
122250
132250
142250
152250
12260
22260
32260
42260
52260
62260
72260
82260
92260
102260
112260
122260
132260
142260
152260
12270
22270
32270
42270
52270
62270
72270
82270
92270
102270
112270
122270
132270
142270
152270
12280
22280
32280
42280
52280
62280
72280
82280
92280
102280
112280
122280
132280
142280
152280
12290
22290
32290
42290
52290
62290
72290
82290
92290
102290
112290
122290
132290
142290
152290
12300
22300
32300
42300
52300
62300
72300
82300
92300
102300
112300
122300
132300
142300
152300
12310
22310
32310
42310
52310
62310
72310
82310
92310
102310
112310
122310
132310
142310
152310
12320
22320
32320
42320
52320
62320
72320
82320
92320
102320
112320
122320
132320
142320
152320
12330
22330
32330
42330
52330
62330
72330
82330
92330
102330
112330
122330
132330
142330
152330
12340
22340
32340
42340
52340
62340
72340
82340
92340
102340
112340
122340
132340
142340
152340
12350
22350
32350
42350
52350
62350
72350
82350
92350
102350
112350
122350
132350
142350
152350
12360
22360
32360
42360
52360
62360
72360
82360
92360
102360
112360
122360
132360
142360
152360
12370
22370
32370
42370
52370
62370
72370
82370
92370
102370
112370
122370
132370
142370
152370
12380
22380
32380
42380
52380
62380
72380
82380
92380
102380
112380
122380
132380
142380
152380
12390
22390
32390
42390
52390
62390
72390
82390
92390
102390
112390
122390
132390
142390
152390
12400
22400
32400
42400
52400
62400
72400
82400
92400
102400
112400
122400
132400
142400
152400
12410
22410
32410
42410
52410
62410
72410
82410
92410
102410
112410
122410
132410
142410
152410
12420
22420
32420
42420
52420
62420
72420
82420
92420
102420
112420
122420
132420
142420
152420
12430
22430
32430
42430
52430
62430
72430
82430
92430
102430
112430
122430
132430
142430
152430
12440
22440
32440
42440
52440
62440
72440
82440
92440
102440
112440
122440
132440
142440
152440
12450
22450
32450
42450
52450
62450
72450
82450
92450
102450
112450
122450
132450
142450
152450
12460
22460
32460
42460
52460
62460
72460
82460
92460
102460
112460
122460
132460
142460
152460
12470
22470
32470
42470
52470
62470
72470
82470
92470
102470
112470
122470
132470
142470
152470
12480
22480
32480
42480
52480
62480
72480
82480
92480
102480
112480
122480
132480
142480
152480
12490
22490
32490
42490
52490
62490
72490
82490
92490
102490
112490
122490
132490
142490
152490
12500
22500
32500
42500
52500
62500
72500
82500
92500
102500
112500
122500
132500
142500
152500
13720
12740
6780
8780
12780
15780
6790
8790
15790
2800
6800
8800
15800
8810
13810
15810
3820
13820
15820
6830
10830
13830
15830
7840
10840
15840
6850
7850
10850
15850
4860
7860
8860
15860
5870
7870
8870
13870
1880
4880
6880
7880
8880
11880
1890
6890
7890
8890
10890
11890
12890
1900
3900
6900
7900
8900
9900
10900
11900
14900
15900
3910
6910
7910
8910
9910
11910
14910
15910
6920
7920
8920
9920
11920
12920
13920
14920
15920
2930
6930
7930
8930
9930
10930
11930
12930
13930
15930
1940
2940
3940
6940
7940
8940
9940
10940
11940
12940
13940
15940
1950
2950
3950
4950
6950
7950
8950
9950
10950
12950
13950
14950
15950
2960
3960
6960
7960
8960
9960
10960
12960
13960
14960
15960
2970
3970
5970
6970
7970
8970
9970
10970
11970
12970
13970
14970
15970
1980
2980
3980
5980
6980
7980
8980
9980
10980
11980
12980
13980
14980
15980
1990
2990
3990
6990
7990
8990
9990
10990
11990
13990
14990
15990
11000
21000
31000
51000
61000
71000
81000
91000
101000
111000
131000
141000
151000
11010
21010
31010
41010
61010
71010
81010
91010
101010
111010
121010
131010
141010
151010
11020
21020
31020
61020
71020
81020
91020
101020
111020
121020
131020
141020
151020
11030
21030
31030
61030
71030
81030
91030
101030
111030
121030
131030
141030
151030
11040
21040
31040
41040
61040
71040
81040
91040
101040
111040
121040
131040
141040
151040
11050
21050
31050
61050
71050
81050
91050
101050
111050
121050
131050
141050
151050
11060
21060
31060
41060
51060
61060
71060
81060
91060
101060
111060
121060
131060
141060
151060
11070
21070
31070
41070
61070
71070
81070
91070
101070
111070
121070
131070
141070
151070
11080
21080
31080
41080
61080
71080
81080
91080
101080
111080
121080
131080
141080
151080
11090
21090
31090
41090
51090
61090
71090
81090
91090
101090
111090
121090
131090
141090
151090
11100
21100
31100
41100
51100
61100
71100
81100
91100
101100
111100
121100
131100
141100
151100
11110
21110
31110
41110
51110
61110
71110
81110
91110
101110
111110
121110
131110
141110
151110
11120
21120
31120
41120
61120
71120
81120
91120
101120
111120
121120
131120
141120
151120
11130
21130
31130
61130
71130
81130
91130
101130
111130
121130
131130
141130
151130
11140
21140
31140
61140
71140
81140
91140
101140
111140
121140
131140
141140
151140
11150
21150
31150
41150
61150
71150
81150
91150
101150
111150
121150
131150
141150
151150
11160
21160
31160
41160
51160
61160
71160
81160
91160
101160
111160
131160
141160
151160
11170
21170
31170
51170
61170
71170
81170
91170
101170
111170
131170
141170
151170
11180
21180
31180
51180
61180
71180
81180
91180
101180
111180
121180
131180
141180
151180
11190
21190
31190
41190
51190
61190
71190
81190
91190
101190
111190
121190
131190
141190
151190
11200
21200
31200
41200
61200
71200
81200
91200
101200
111200
121200
131200
141200
151200
11210
21210
31210
51210
61210
71210
81210
91210
101210
111210
121210
131210
141210
151210
11220
21220
31220
41220
61220
71220
81220
91220
101220
111220
121220
131220
141220
151220
11230
21230
31230
51230
61230
71230
81230
91230
101230
111230
121230
131230
141230
151230
11240
21240
31240
41240
51240
61240
71240
81240
91240
101240
111240
121240
131240
141240
151240
11250
21250
31250
41250
61250
71250
81250
91250
101250
111250
121250
131250
141250
151250
11260
21260
31260
41260
61260
71260
81260
91260
101260
111260
121260
131260
141260
151260
11270
21270
31270
41270
51270
61270
71270
81270
91270
101270
111270
121270
131270
141270
151270
11280
21280
31280
41280
51280
61280
71280
81280
91280
101280
111280
121280
131280
141280
151280
11290
21290
31290
41290
51290
61290
71290
81290
91290
101290
111290
121290
131290
141290
151290
11300
21300
31300
41300
51300
61300
71300
81300
91300
101300
111300
121300
131300
141300
151300
11310
21310
31310
41310
51310
61310
71310
81310
91310
101310
111310
121310
131310
141310
151310
11320
21320
31320
41320
51320
61320
71320
81320
91320
101320
111320
121320
131320
141320
151320
11330
21330
31330
41330
51330
61330
71330
81330
91330
101330
111330
121330
131330
141330
151330
11340
21340
31340
41340
51340
61340
71340
81340
91340
101340
111340
121340
131340
141340
151340
11350
21350
31350
41350
51350
61350
71350
81350
91350
101350
111350
121350
131350
141350
151350
11360
21360
31360
41360
51360
61360
71360
81360
91360
101360
111360
121360
131360
141360
151360
11370
21370
31370
41370
51370
61370
71370
81370
91370
101370
111370
121370
131370
141370
151370
11380
21380
31380
41380
51380
61380
71380
81380
91380
101380
111380
121380
131380
141380
151380
11390
21390
31390
41390
51390
61390
71390
81390
91390
101390
111390
121390
131390
141390
151390
11400
21400
31400
41400
51400
61400
71400
81400
91400
101400
111400
121400
131400
141400
151400
11410
21410
31410
41410
51410
61410
71410
81410
91410
101410
111410
121410
131410
141410
151410
11420
21420
31420
41420
51420
61420
71420
81420
91420
101420
111420
121420
131420
141420
151420
11430
21430
31430
41430
51430
61430
71430
81430
91430
101430
111430
121430
131430
141430
151430
11440
21440
31440
41440
51440
61440
71440
81440
91440
101440
111440
121440
131440
141440
151440
11450
21450
31450
41450
51450
61450
71450
81450
91450
101450
111450
121450
131450
141450
151450
11460
21460
31460
41460
51460
61460
71460
81460
91460
101460
111460
121460
131460
141460
151460
11470
21470
31470
41470
51470
61470
71470
81470
91470
101470
111470
121470
131470
141470
151470
11480
21480
31480
41480
51480
61480
71480
81480
91480
101480
111480
121480
131480
141480
151480
11490
21490
31490
41490
51490
61490
71490
81490
91490
101490
111490
121490
131490
141490
151490
11500
21500
31500
41500
51500
61500
71500
81500
91500
101500
111500
121500
131500
141500
151500
11510
21510
31510
41510
51510
61510
71510
81510
91510
101510
111510
121510
131510
141510
151510
11520
21520
31520
41520
51520
61520
71520
81520
91520
101520
111520
121520
131520
141520
151520
11530
21530
31530
41530
51530
61530
71530
81530
91530
101530
111530
121530
131530
141530
151530
11540
21540
31540
41540
51540
61540
71540
81540
91540
101540
111540
121540
131540
141540
151540
11550
21550
31550
41550
51550
61550
71550
81550
91550
101550
111550
121550
131550
141550
151550
11560
21560
31560
41560
51560
61560
71560
81560
91560
101560
111560
121560
131560
141560
151560
11570
21570
31570
41570
51570
61570
71570
81570
91570
101570
111570
121570
131570
141570
151570
11580
21580
31580
41580
51580
61580
71580
81580
91580
101580
111580
121580
131580
141580
151580
11590
21590
31590
41590
51590
61590
71590
81590
91590
101590
111590
121590
131590
141590
151590
11600
21600
31600
41600
51600
61600
71600
81600
91600
101600
111600
121600
131600
141600
151600
11610
21610
31610
41610
51610
61610
71610
81610
91610
101610
111610
121610
131610
141610
151610
11620
21620
31620
41620
51620
61620
71620
81620
91620
101620
111620
121620
131620
141620
151620
11630
21630
31630
41630
51630
61630
71630
81630
91630
101630
111630
121630
131630
141630
151630
11640
21640
31640
41640
51640
61640
71640
81640
91640
101640
111640
121640
131640
141640
151640
11650
21650
31650
41650
51650
61650
71650
81650
91650
101650
111650
121650
131650
141650
151650
11660
21660
31660
41660
51660
61660
71660
81660
91660
101660
111660
121660
131660
141660
151660
11670
21670
31670
41670
51670
61670
71670
81670
91670
101670
111670
121670
131670
141670
151670
11680
21680
31680
41680
51680
61680
71680
81680
91680
101680
111680
121680
131680
141680
151680
11690
21690
31690
41690
51690
61690
71690
81690
91690
101690
111690
121690
131690
141690
151690
11700
21700
31700
41700
51700
61700
71700
81700
91700
101700
111700
121700
131700
141700
151700
11710
21710
31710
41710
51710
61710
71710
81710
91710
101710
111710
121710
131710
141710
151710
11720
21720
31720
41720
51720
61720
71720
81720
91720
101720
111720
121720
131720
141720
151720
11730
21730
31730
41730
51730
61730
71730
81730
91730
101730
111730
121730
131730
141730
151730
11740
21740
31740
41740
51740
61740
71740
81740
91740
101740
111740
121740
131740
141740
151740
11750
21750
31750
41750
51750
61750
71750
81750
91750
101750
111750
121750
131750
141750
151750
11760
21760
31760
41760
51760
61760
71760
81760
91760
101760
111760
121760
131760
141760
151760
11770
21770
31770
41770
51770
61770
71770
81770
91770
101770
111770
121770
131770
141770
151770
11780
21780
31780
41780
51780
61780
71780
81780
91780
101780
111780
121780
131780
141780
151780
11790
21790
31790
41790
51790
61790
71790
81790
91790
101790
111790
121790
131790
141790
151790
11800
21800
31800
41800
51800
61800
71800
81800
91800
101800
111800
121800
131800
141800
151800
11810
21810
31810
41810
51810
61810
71810
81810
91810
101810
111810
121810
131810
141810
151810
11820
21820
31820
41820
51820
61820
71820
81820
91820
101820
111820
121820
131820
141820
151820
11830
21830
31830
41830
51830
61830
71830
81830
91830
101830
111830
121830
131830
141830
151830
11840
21840
31840
41840
51840
61840
71840
81840
91840
101840
111840
121840
131840
141840
151840
11850
21850
31850
41850
51850
61850
71850
81850
91850
101850
111850
121850
131850
141850
151850
11860
21860
31860
41860
51860
61860
71860
81860
91860
101860
111860
121860
131860
141860
151860
11870
21870
31870
41870
51870
61870
71870
81870
91870
101870
111870
121870
131870
141870
151870
11880
21880
31880
41880
51880
61880
71880
81880
91880
101880
111880
121880
131880
141880
151880
11890
21890
31890
41890
51890
61890
71890
81890
91890
101890
111890
121890
131890
141890
151890
11900
21900
31900
41900
51900
61900
71900
81900
91900
101900
111900
121900
131900
141900
151900
11910
21910
31910
41910
51910
61910
71910
81910
91910
101910
111910
121910
131910
141910
151910
11920
21920
31920
41920
51920
61920
71920
81920
91920
101920
111920
121920
131920
141920
151920
11930
21930
31930
41930
51930
61930
71930
81930
91930
101930
111930
121930
131930
141930
151930
11940
21940
31940
41940
51940
61940
71940
81940
91940
101940
111940
121940
131940
141940
151940
11950
21950
31950
41950
51950
61950
71950
81950
91950
101950
111950
121950
131950
141950
151950
11960
21960
31960
41960
51960
61960
71960
81960
91960
101960
111960
121960
131960
141960
151960
11970
21970
31970
41970
51970
61970
71970
81970
91970
101970
111970
121970
131970
141970
151970
11980
21980
31980
41980
51980
61980
71980
81980
91980
101980
111980
121980
131980
141980
151980
11990
21990
31990
41990
51990
61990
71990
81990
91990
101990
111990
121990
131990
141990
151990
12000
22000
32000
42000
52000
62000
72000
82000
92000
102000
112000
122000
132000
142000
152000
12010
22010
32010
42010
52010
62010
72010
82010
92010
102010
112010
122010
132010
142010
152010
12020
22020
32020
42020
52020
62020
72020
82020
92020
102020
112020
122020
132020
142020
152020
12030
22030
32030
42030
52030
62030
72030
82030
92030
102030
112030
122030
132030
142030
152030
12040
22040
32040
42040
52040
62040
72040
82040
92040
102040
112040
122040
132040
142040
152040
12050
22050
32050
42050
52050
62050
72050
82050
92050
102050
112050
122050
132050
142050
152050
12060
22060
32060
42060
52060
62060
72060
82060
92060
102060
112060
122060
132060
142060
152060
12070
22070
32070
42070
52070
62070
72070
82070
92070
102070
112070
122070
132070
142070
152070
12080
22080
32080
42080
52080
62080
72080
82080
92080
102080
112080
122080
132080
142080
152080
12090
22090
32090
42090
52090
62090
72090
82090
92090
102090
112090
122090
132090
142090
152090
12100
22100
32100
42100
52100
62100
72100
82100
92100
102100
112100
122100
132100
142100
152100
12110
22110
32110
42110
52110
62110
72110
82110
92110
102110
112110
122110
132110
142110
152110
12120
22120
32120
42120
52120
62120
72120
82120
92120
102120
112120
122120
132120
142120
152120
12130
22130
32130
42130
52130
62130
72130
82130
92130
102130
112130
122130
132130
142130
152130
12140
22140
32140
42140
52140
62140
72140
82140
92140
102140
112140
122140
132140
142140
152140
12150
22150
32150
42150
52150
62150
72150
82150
92150
102150
112150
122150
132150
142150
152150
12160
22160
32160
42160
52160
62160
72160
82160
92160
102160
112160
122160
132160
142160
152160
12170
22170
32170
42170
52170
62170
72170
82170
92170
102170
112170
122170
132170
142170
152170
12180
22180
32180
42180
52180
62180
72180
82180
92180
102180
112180
122180
132180
142180
152180
12190
22190
32190
42190
52190
62190
72190
82190
92190
102190
112190
122190
132190
142190
152190
12200
22200
32200
42200
52200
62200
72200
82200
92200
102200
112200
122200
132200
142200
152200
12210
22210
32210
42210
52210
62210
72210
82210
92210
102210
112210
122210
132210
142210
152210
12220
22220
32220
42220
52220
62220
72220
82220
92220
102220
112220
122220
132220
142220
152220
12230
22230
32230
42230
52230
62230
72230
82230
92230
102230
112230
122230
132230
142230
152230
12240
22240
32240
42240
52240
62240
72240
82240
92240
102240
112240
122240
132240
142240
152240
12250
22250
32250
42250
52250
62250
72250
82250
92250
102250
112250
122250
132250
142250
152250
12260
22260
32260
42260
52260
62260
72260
82260
92260
102260
112260
122260
132260
142260
152260
12270
22270
32270
42270
52270
62270
72270
82270
92270
102270
112270
122270
132270
142270
152270
12280
22280
32280
42280
52280
62280
72280
82280
92280
102280
112280
122280
132280
142280
152280
12290
22290
32290
42290
52290
62290
72290
82290
92290
102290
112290
122290
132290
142290
152290
12300
22300
32300
42300
52300
62300
72300
82300
92300
102300
112300
122300
132300
142300
152300
12310
22310
32310
42310
52310
62310
72310
82310
92310
102310
112310
122310
132310
142310
152310
12320
22320
32320
42320
52320
62320
72320
82320
92320
102320
112320
122320
132320
142320
152320
12330
22330
32330
42330
52330
62330
72330
82330
92330
102330
112330
122330
132330
142330
152330
12340
22340
32340
42340
52340
62340
72340
82340
92340
102340
112340
122340
132340
142340
152340
12350
22350
32350
42350
52350
62350
72350
82350
92350
102350
112350
122350
132350
142350
152350
12360
22360
32360
42360
52360
62360
72360
82360
92360
102360
112360
122360
132360
142360
152360
12370
22370
32370
42370
52370
62370
72370
82370
92370
102370
112370
122370
132370
142370
152370
12380
22380
32380
42380
52380
62380
72380
82380
92380
102380
112380
122380
132380
142380
152380
12390
22390
32390
42390
52390
62390
72390
82390
92390
102390
112390
122390
132390
142390
152390
12400
22400
32400
42400
52400
62400
72400
82400
92400
102400
112400
122400
132400
142400
152400
12410
22410
32410
42410
52410
62410
72410
82410
92410
102410
112410
122410
132410
142410
152410
12420
22420
32420
42420
52420
62420
72420
82420
92420
102420
112420
122420
132420
142420
152420
12430
22430
32430
42430
52430
62430
72430
82430
92430
102430
112430
122430
132430
142430
152430
12440
22440
32440
42440
52440
62440
72440
82440
92440
102440
112440
122440
132440
142440
152440
12450
22450
32450
42450
52450
62450
72450
82450
92450
102450
112450
122450
132450
142450
152450
12460
22460
32460
42460
52460
62460
72460
82460
92460
102460
112460
122460
132460
142460
152460
12470
22470
32470
42470
52470
62470
72470
82470
92470
102470
112470
122470
132470
142470
152470
12480
22480
32480
42480
52480
62480
72480
82480
92480
102480
112480
122480
132480
142480
152480
12490
22490
32490
42490
52490
62490
72490
82490
92490
102490
112490
122490
132490
142490
152490
12500
22500
32500
42500
52500
62500
72500
82500
92500
102500
112500
122500
132500
142500
152500
