  -2450.97879800000     
  -2423.98024800000     
  -2446.56361600000     
  -2395.68262000000     
  -2415.25660200000     
  -2423.31209600000     
  -2442.72196400000     
  -2448.94852800000     
  -2391.09624600000     
  -2403.66152200000     
  -2470.50917400000     
  -2383.02754600000     
  -2449.20935800000     
  -2469.49929400000     
  -2397.66789600000     
  -2448.20873400000     
  -2455.09310800000     
  -2423.29542600000     
  -2399.57513600000     
  -2425.55344800000     
  -2435.98750200000     
  -2450.39872200000     
  -2470.69989400000     
  -2450.97879800000     
  -2418.18357599999     
  -2392.15410000000     
  -2468.42788000000     
  -2405.44442200000     
  -2447.63706000000     
  -2455.09310800000     
  -2410.42249200000     
  -2440.49345600000     
  -2348.35939800000     
  -2446.56361600000     
  -2470.69989400000     
  -2409.52774200000     
  -2435.80021000000     
  -2442.78723400000     
  -2460.28933400000     
  -2395.56473600000     
  -2422.19171400000     
  -2415.55668200000     
  -2460.28933400000     
  -2426.67870400000     
  -2390.92898200000     
