 # Time        Energy
                    1 -0.51776855843574965     
                    2 -0.54845820660925071     
                    3 -0.53100524963574958     
                    4 -0.58744609736425024     
                    5 -0.64209032226425089     
                    6 -0.61081546405925091     
                    7 -0.56986787371424863     
                    8 -0.58526147439074971     
                    9 -0.58346733806424977     
                   10 -0.60102431464075101     
                   11 -0.59297499465924930     
                   12 -0.60917544520924960     
                   13 -0.58348971714075049     
                   14 -0.60807447971425033     
                   15 -0.64005005336424992     
                   16 -0.64688122466425058     
                   17 -0.56866734993575074     
                   18 -0.61829896604075107     
                   19 -0.60264401976424975     
                   20 -0.61954268078575025     
                   21 -0.63866984246424929     
                   22 -0.60158245983575009     
                   23 -0.55790790401424994     
                   24 -0.64778348503575145     
                   25 -0.63455479746425181     
                   26 -0.63865521194075070     
                   27 -0.62697467444075161     
                   28 -0.60404332521424986     
                   29 -0.62000402464074922     
                   30 -0.68140881156425093     
                   31 -0.61208308931425037     
                   32 -0.67302270491425009     
                   33 -0.61394264141425181     
                   34 -0.66859969021425059     
                   35 -0.61023389124075134     
                   36 -0.68145008334075019     
                   37 -0.58747700184075047     
                   38 -0.59247459171425065     
                   39 -0.58492406029075084     
                   40 -0.62635452004075132     
                   41 -0.62543359969074974     
                   42 -0.66131921476425082     
                   43 -0.64430582841424988     
                   44 -0.65080131756425064     
                   45 -0.61191912971425100     
                   46 -0.72260649541425015     
                   47 -0.65734478181425149     
                   48 -0.66189162519075040     
                   49 -0.66550052934075055     
                   50 -0.68530691125925070     
                   51 -0.68330757151425070     
                   52 -0.66571547821425126     
                   53 -0.71418587496424946     
                   54 -0.69242983739075081     
                   55 -0.73834101416425046     
                   56 -0.70779540671424979     
                   57 -0.70407827486424945     
                   58 -0.71998939256424943     
                   59 -0.71203883246425048     
                   60 -0.74563751151424995     
                   61 -0.73374828459074948     
                   62 -0.73676610921425090     
                   63 -0.73823497211424938     
                   64 -0.74470143106424946     
                   65 -0.72326641899074895     
                   66 -0.74465540651424855     
                   67 -0.72491567596424855     
                   68 -0.73818018796425022     
                   69 -0.73868619194074925     
                   70 -0.72886302271424852     
                   71 -0.76792596621424936     
                   72 -0.74611528411424843     
                   73 -0.69001010224074888     
                   74 -0.72737146166424849     
                   75 -0.75344651856425027     
                   76 -0.75119309981424853     
                   77 -0.73676950611425052     
                   78 -0.75526065296424871     
                   79 -0.74448273406425047     
                   80 -0.76018734811424826     
                   81 -0.74279069801425024     
                   82 -0.74208319356424890     
                   83 -0.74329598156424836     
                   84 -0.74548768631424922     
                   85 -0.73461113296424874     
                   86 -0.75227310476424958     
                   87 -0.74972774401425124     
                   88 -0.75329840081424859     
                   89 -0.74195428501424898     
                   90 -0.74552255584074911     
                   91 -0.74427724046424915     
                   92 -0.76724991651424901     
                   93 -0.74230105016425019     
                   94 -0.72481470296424888     
                   95 -0.76787807744074943     
                   96 -0.73870344701424950     
                   97 -0.76418021531424973     
                   98 -0.75553591314074964     
                   99 -0.75941282894074902     
                  100 -0.75096306219074915     
                  101 -0.75608037294074804     
                  102 -0.75286742294074915     
                  103 -0.76827301001424919     
                  104 -0.76300720199075089     
                  105 -0.77637039344074910     
                  106 -0.77549759751424985     
                  107 -0.76403947144075091     
                  108 -0.76262065044074900     
                  109 -0.76830400401424792     
                  110 -0.76732894109075023     
                  111 -0.77000348939074992     
                  112 -0.77029327251425106     
                  113 -0.76854457194075010     
                  114 -0.76665882664075058     
                  115 -0.77976277344075084     
                  116 -0.77130587869075073     
                  117 -0.76139082794075041     
                  118 -0.76241452094075068     
                  119 -0.76144289889075101     
                  120 -0.77810035994075055     
                  121 -0.78000201744075004     
                  122 -0.77105000244075073     
                  123 -0.76203381494075084     
                  124 -0.76416164194075076     
                  125 -0.75142255494074983     
                  126 -0.75846722744075079     
                  127 -0.76288639344075049     
                  128 -0.75535317744075048     
                  129 -0.72903733578575081     
                  130 -0.74803918744075104     
                  131 -0.74194677244075080     
                  132 -0.74630116144075087     
                  133 -0.74888472344075141     
                  134 -0.74770676794075153     
                  135 -0.77741030694075097     
                  136 -0.76832340944075117     
                  137 -0.75549373009075149     
                  138 -0.74781775444075083     
                  139 -0.75751613594075196     
                  140 -0.76722884994075113     
                  141 -0.76558396844075116     
                  142 -0.76631140594075120     
                  143 -0.76718511144075097     
                  144 -0.76381149644075108     
                  145 -0.76719472294075119     
                  146 -0.74255178944075184     
                  147 -0.75579621494075166     
                  148 -0.76629918794075169     
                  149 -0.76825072694075147     
                  150 -0.75375521744075158     
                  151 -0.75947054844075135     
                  152 -0.75682921344075182     
                  153 -0.75538150144075156     
                  154 -0.75106956844075212     
                  155 -0.75425993344075182     
                  156 -0.75582851699075160     
                  157 -0.75613812549075154     
                  158 -0.75015600494075096     
                  159 -0.75279658199075172     
                  160 -0.75555906549075147     
                  161 -0.76129556049075131     
                  162 -0.75017083344075175     
                  163 -0.76407467049075128     
                  164 -0.75820319594075114     
                  165 -0.74968311199075155     
                  166 -0.76398273999075139     
                  167 -0.75919944344075130     
                  168 -0.76514651194075112     
                  169 -0.76300604194075150     
                  170 -0.75956383344075118     
                  171 -0.76076013694075129     
                  172 -0.75743747194075173     
                  173 -0.75914635344075132     
                  174 -0.76540000194075108     
                  175 -0.76258856194075153     
                  176 -0.76213514694075146     
                  177 -0.76472903194075115     
                  178 -0.76461273194075119     
                  179 -0.76255262694075143     
                  180 -0.76213514694075146     
                  181 -0.76218823694075144     
                  182 -0.76407528194075058     
                  183 -0.77313020694075130     
                  184 -0.76874679194075124     
                  185 -0.76818069194075067     
                  186 -0.76913944394074985     
                  187 -0.76982167894075093     
                  188 -0.76407528194075058     
                  189 -0.76686416694075032     
                  190 -0.76725239894075070     
                  191 -0.76076675394075011     
                  192 -0.76355563894074985     
                  193 -0.76967689394075056     
                  194 -0.76561884694075133     
                  195 -0.76113114394075010     
                  196 -0.77156393894074971     
                  197 -0.76113114394075010     
                  198 -0.76166484394074985     
                  199 -0.77156393894074971     
                  200 -0.76355563894074985     
                  201 -0.76913944394074985     
                  202 -0.77003502894074960     
                  203 -0.76592240394074973     
                  204 -0.76913944394074985     
                  205 -0.76761053394074974     
                  206 -0.76592240394074973     
                  207 -0.76913944394074985     
                  208 -0.76761053394074974     
                  209 -0.76913944394074985     
                  210 -0.76913944394074985     
                  211 -0.76761053394074974     
                  212 -0.76761053394074974     
                  213 -0.76761053394074974     
                  214 -0.76761053394074974     
                  215 -0.76913944394074985     
                  216 -0.76761053394074974     
                  217 -0.76761053394074974     
                  218 -0.76761053394074974     
