     0.674
     0.675
     0.676
     0.675
     0.677
     0.675
     0.676
     0.677
     0.677
     0.675
     0.673
     0.670
     0.671
     0.668
     0.663
     0.667
     0.666
     0.666
     0.670
     0.666
     0.668
     0.667
     0.666
     0.665
     0.663
     0.666
     0.668
     0.686
     0.668
     0.671
     0.669
     0.668
     0.672
     0.670
     0.670
     0.671
     0.671
     0.671
     0.668
     0.668
     0.670
     0.672
     0.672
     0.670
     0.668
     0.668
     0.669
     0.665
     0.665
     0.665
     0.666
     0.666
     0.668
     0.666
     0.666
     0.664
     0.667
     0.666
     0.665
     0.666
     0.665
     0.664
     0.666
     0.667
     0.666
     0.666
     0.666
     0.667
     0.666
     0.668
     0.670
     0.666
     0.665
     0.664
     0.666
     0.667
     0.667
     0.665
     0.667
     0.667
     0.667
     0.666
     0.667
     0.665
     0.668
     0.665
     0.671
     0.671
     0.670
     0.671
     0.671
     0.670
     0.668
     0.671
     0.672
     0.670
     0.672
     0.672
     0.673
     0.672
