  -296.473295776300     
  -304.595363005700     
  -302.158739725700     
  -295.989983356300     
  -291.680412494300     
  -299.622988325700     
  -301.709238045700     
  -300.920631156300     
  -303.788971385700     
  -304.962979665700     
  -313.998072016300     
  -308.122827465700     
  -299.835435916300     
  -306.633815996300     
  -304.909321925700     
  -308.039121805700     
  -304.198566723700     
  -301.041377705700     
  -300.970030445700     
  -299.914369136300     
  -306.143418956300     
  -304.930250376300     
  -314.066296105700     
  -305.026266176300     
  -308.770139725700     
  -313.547656365700     
  -304.022503956300     
  -315.126603736300     
  -303.795879436300     
  -305.061082505700     
  -307.477035716300     
  -310.033770956300     
  -306.061553816300     
  -307.900048596300     
  -302.440539305700     
  -295.965919665700     
  -307.331741165700     
  -301.267899916300     
  -309.308349776300     
  -289.848674236300     
  -307.772356865700     
  -305.430556365700     
  -301.793153285700     
  -303.044369056300     
  -310.043994585700     
