  -3349.29270700000     
  -3349.10856700001     
  -3337.90757500000     
  -3292.31249900000     
  -3301.04446300000     
  -3215.92539100000     
  -3321.47196699999     
  -3302.56265499999     
  -3334.53698499999     
  -3264.01442900001     
  -3353.09157300000     
  -3294.64236500000     
  -3302.48275700000     
  -3204.73600499999     
  -3411.56911700000     
  -3323.31990300001     
  -3282.26151500000     
  -3348.48730300001     
  -3360.03656900000     
  -3244.65515299999     
  -3172.41778100000     
  -3304.91468900000     
  -3237.34691700001     
  -3289.75230300000     
     1.657
     1.147
     1.289
     1.257
     1.331
     0.886
     0.723
